[gd_scene load_steps=9 format=3 uid="uid://wu271fptdut0"]

[ext_resource type="Script" uid="uid://bbx7m1m8u2jbf" path="res://scenes/item/item.gd" id="1_aocwp"]
[ext_resource type="PackedScene" uid="uid://b5xpry7ne6hmn" path="res://scenes/interactable/item_interactable.tscn" id="2_3r1n4"]

[sub_resource type="StandardMaterial3D" id="StandardMaterial3D_3r1n4"]

[sub_resource type="BoxMesh" id="BoxMesh_dywoi"]
material = SubResource("StandardMaterial3D_3r1n4")
size = Vector3(0.55, 0.1, 0.55)

[sub_resource type="StandardMaterial3D" id="StandardMaterial3D_dywoi"]
albedo_color = Color(0.0800073, 0.247048, 0.194022, 1)

[sub_resource type="BoxMesh" id="BoxMesh_3r1n4"]
material = SubResource("StandardMaterial3D_dywoi")
size = Vector3(0.6, 0.05, 0.6)

[sub_resource type="BoxMesh" id="BoxMesh_jblyg"]
material = SubResource("StandardMaterial3D_dywoi")
size = Vector3(0.1, 0.18, 0.6)

[sub_resource type="BoxShape3D" id="BoxShape3D_dywoi"]
size = Vector3(0.651245, 0.181201, 0.598991)

[node name="BookItem" type="RigidBody3D" node_paths=PackedStringArray("item_interactable", "col_shape", "despawn_timer")]
collision_layer = 0
script = ExtResource("1_aocwp")
item_interactable = NodePath("ItemInteractable")
col_shape = NodePath("CollisionShape3D")
despawn_timer = NodePath("DespawnTimer")

[node name="DummyMesh" type="MeshInstance3D" parent="."]
transform = Transform3D(0.992375, 0.103584, -0.066799, -0.123255, 0.833998, -0.537825, 0, 0.541958, 0.840406, -0.000502206, -0.00801855, -2.9274e-05)
mesh = SubResource("BoxMesh_dywoi")

[node name="DummyMesh2" type="MeshInstance3D" parent="."]
transform = Transform3D(0.992375, 0.103584, -0.066799, -0.123255, 0.833998, -0.537825, 0, 0.541958, 0.840406, 0.00624927, 0.0463403, 0.0352948)
mesh = SubResource("BoxMesh_3r1n4")

[node name="DummyMesh3" type="MeshInstance3D" parent="."]
transform = Transform3D(0.992375, 0.103584, -0.066799, -0.123255, 0.833998, -0.537825, 0, 0.541958, 0.840406, -0.00723518, -0.0622284, -0.0352565)
mesh = SubResource("BoxMesh_3r1n4")

[node name="DummyMesh4" type="MeshInstance3D" parent="."]
transform = Transform3D(0.992375, 0.103584, -0.066799, -0.123255, 0.833998, -0.537825, 0, 0.541958, 0.840406, -0.298215, 0.028958, -2.9274e-05)
mesh = SubResource("BoxMesh_jblyg")

[node name="CollisionShape3D" type="CollisionShape3D" parent="."]
transform = Transform3D(0.992375, 0.103584, -0.066799, -0.123255, 0.833998, -0.537825, 0, 0.541958, 0.840406, -0.0257489, -0.00479326, -2.05892e-05)
shape = SubResource("BoxShape3D_dywoi")

[node name="ItemInteractable" parent="." node_paths=PackedStringArray("item_source") instance=ExtResource("2_3r1n4")]
item_source = NodePath("..")

[node name="DespawnTimer" type="Timer" parent="."]
wait_time = 8.0
one_shot = true

[connection signal="timeout" from="DespawnTimer" to="." method="_on_despawn_timer_timeout"]
